	logFC	logCPM	PValue	FDR
E2	-6.807217762	11.64348651	3.62E-19	2.72E-16
ACA61	-5.737267047	11.56439895	1.10E-18	4.13E-16
hsa-mir-3180-3	5.872721121	1.424515942	7.93E-18	1.98E-15
HBII-289	-5.00151187	11.32800013	1.51E-16	2.84E-14
ACA58	-4.332973751	7.002105232	2.79E-16	4.19E-14
mgU6-47	-3.960461201	8.198228145	5.27E-15	6.59E-13
ACA13	-4.560513884	6.839523516	7.45E-15	7.98E-13
ACA20	-4.927952168	7.227677747	9.31E-15	8.73E-13
snR38B	-4.22424185	13.84443011	1.20E-14	1.00E-12
U66	-4.093489262	7.315638441	1.78E-14	1.33E-12
U90	-3.907576883	7.635350033	3.26E-14	2.23E-12
ACA3-2	-3.991721384	8.345712327	4.39E-14	2.74E-12
hsa-mir-122	-11.01605974	8.877164818	5.10E-14	2.94E-12
hsa-mir-760	-5.162056253	3.957332568	7.08E-14	3.79E-12
hsa-mir-423	-17.23292942	12.58041814	3.27E-13	1.63E-11
U89	-3.475822601	7.232523044	3.66E-13	1.72E-11
hsa-mir-24-2	2.173887433	8.154270782	4.62E-13	2.04E-11
hsa-mir-150	2.420130286	16.26014298	5.24E-13	2.08E-11
hsa-mir-1246	-12.01277328	6.696536463	5.26E-13	2.08E-11
ACA53	-3.460973963	5.32903836	8.49E-13	3.18E-11
HBII-210	-3.206960894	13.9281917	1.02E-12	3.63E-11
hsa-mir-24-1	-12.9377607	6.794471339	1.38E-12	4.72E-11
ACA25	-3.446402746	4.309238846	1.45E-12	4.74E-11
U64	-3.013496326	7.384073312	2.26E-12	7.07E-11
U63	-3.941761634	13.60766778	2.69E-12	8.07E-11
hsa-mir-409	-6.908715803	2.699019686	5.72E-12	1.65E-10
hsa-mir-582	-6.810577965	3.148904878	1.74E-11	4.85E-10
U59B	-3.631862817	10.18761814	2.40E-11	6.31E-10
ACA44	-2.553394883	7.342887716	2.44E-11	6.31E-10
U92	-2.801338813	4.278301335	2.53E-11	6.33E-10
ACA47	-3.972133983	7.105076367	4.79E-11	1.16E-09
U49A	-1.959971162	9.621108897	5.03E-11	1.18E-09
ACA26	-2.089225781	6.505514266	5.29E-11	1.20E-09
hsa-mir-320b-1	-2.63075303	6.932255421	8.01E-11	1.77E-09
U88	-2.185448032	9.599297493	9.19E-11	1.97E-09
U58A	-2.516776385	9.818740941	9.89E-11	2.06E-09
HBII-202	-1.966545558	10.76580541	1.32E-10	2.68E-09
ACA38	-3.905963382	3.822838219	2.67E-10	5.15E-09
U95	-2.404126292	14.18774098	2.68E-10	5.15E-09
hsa-mir-103-1	-6.263133282	3.667766558	2.77E-10	5.20E-09
hsa-mir-320c-1	-3.503471379	4.798533189	3.85E-10	7.05E-09
hsa-mir-543	-7.001970463	1.037093861	3.96E-10	7.06E-09
U55	-2.598801268	8.757843705	6.43E-10	1.12E-08
U97	-2.096882421	8.270529154	6.88E-10	1.16E-08
ACA5c	-2.96240619	6.635085534	6.99E-10	1.16E-08
hsa-mir-1290	-7.417404655	1.919164258	7.71E-10	1.26E-08
U38A	-2.645309553	10.50990079	8.63E-10	1.38E-08
U100	-2.891930163	3.135793522	9.59E-10	1.50E-08
ACA32	-2.505769324	4.949951294	9.97E-10	1.53E-08
hsa-mir-181a-1	-3.360676404	7.421234919	1.05E-09	1.57E-08
hsa-mir-3158-1	-6.907774826	1.004368779	1.18E-09	1.74E-08
mgU2-19/30	-2.014104505	11.79351017	1.56E-09	2.22E-08
hsa-mir-181b-1	-3.876866677	5.12744074	1.57E-09	2.22E-08
hsa-mir-320c-2	-3.366522503	4.72735981	1.67E-09	2.32E-08
U104	-1.809129085	16.1573315	1.95E-09	2.65E-08
hsa-mir-10b	-3.104811599	3.049274183	2.52E-09	3.37E-08
U15B	-2.150844882	7.750429617	3.83E-09	5.04E-08
U62A	-1.96625201	13.0024511	3.91E-09	5.06E-08
U15A	-2.05200704	11.19944745	4.44E-09	5.65E-08
U38B	-1.862241772	10.39682819	4.66E-09	5.82E-08
U62B	-1.957024928	13.00175541	5.25E-09	6.45E-08
ACA51	-2.155317922	4.336621997	6.09E-09	7.36E-08
hsa-mir-1-2	-7.754501109	3.271943567	6.20E-09	7.38E-08
ACA55	-2.516700102	2.78677929	7.88E-09	9.23E-08
U50	-1.494933531	12.19066792	8.83E-09	1.02E-07
hsa-mir-181b-2	-3.366371254	6.304756661	1.10E-08	1.25E-07
ACA9	-2.116697785	5.739245907	1.55E-08	1.74E-07
SNORD119	-1.720773567	12.43292912	1.64E-08	1.81E-07
hsa-mir-183	-2.399348788	4.799160059	1.74E-08	1.90E-07
hsa-mir-100	-5.781907974	3.770831652	2.61E-08	2.80E-07
mgh28S-2411	-1.617213556	9.941346044	3.51E-08	3.71E-07
hsa-mir-224	-5.502593037	-0.177027792	5.17E-08	5.39E-07
HBII-82B	-1.760566558	10.51499773	6.32E-08	6.49E-07
hsa-mir-412	-5.338236697	-0.194973533	6.73E-08	6.82E-07
hsa-mir-320e	-3.249477997	1.117866044	6.92E-08	6.92E-07
hsa-mir-1255a	-2.308113851	3.586599586	7.26E-08	7.17E-07
ACA23	-2.273517249	3.623995728	7.85E-08	7.64E-07
U43	-1.456287354	11.52550924	9.06E-08	8.71E-07
U56	-1.728602769	7.752564248	1.07E-07	1.02E-06
ACA27	-2.233576447	3.89023013	1.54E-07	1.43E-06
HBII-234	-1.45455685	6.842405541	1.55E-07	1.43E-06
ACA56	2.927218761	0.050620472	1.75E-07	1.60E-06
hsa-mir-3199-2	-5.407711743	-0.119006336	1.89E-07	1.71E-06
U58B	-1.673355556	8.993330669	2.02E-07	1.80E-06
U17b	-2.140739977	6.390815048	2.10E-07	1.85E-06
14q(I-8)	-5.468564309	-0.114571473	2.98E-07	2.60E-06
hsa-mir-324	2.112548674	5.518263261	3.45E-07	2.97E-06
ACA5	-1.898977665	3.755221003	3.87E-07	3.29E-06
hTR	-1.582884971	2.915810382	3.90E-07	3.29E-06
SNORA11C	-3.135360734	0.873153121	4.85E-07	4.01E-06
U41	-1.940293155	7.130934633	4.86E-07	4.01E-06
hsa-mir-1-1	-6.765528992	2.312751634	5.64E-07	4.60E-06
hsa-mir-432	-5.456048617	0.254219609	6.23E-07	5.02E-06
hsa-mir-339	1.508533086	8.002336824	7.13E-07	5.69E-06
hsa-mir-103-2	-1.755359553	6.247254223	7.26E-07	5.73E-06
SNORA11D	-2.400429043	1.112383308	7.53E-07	5.88E-06
ACA46	-1.822256631	5.762343498	8.35E-07	6.46E-06
U96b	-2.452745096	1.068508343	1.03E-06	7.92E-06
hsa-mir-188	2.101609042	0.021057696	1.10E-06	8.33E-06
SNORA38B	-1.910353834	2.462135884	1.24E-06	9.28E-06
HBII-316	-1.431217651	8.37646287	1.33E-06	9.88E-06
ACA11	-2.331559969	1.313316328	1.51E-06	1.11E-05
hsa-mir-203	-3.537782609	2.884880361	1.56E-06	1.14E-05
U72	-1.874622492	4.182076068	1.60E-06	1.15E-05
SNORD127	-1.60390348	7.110696257	1.95E-06	1.39E-05
hsa-let-7c	-1.826295795	8.85405627	2.08E-06	1.47E-05
hsa-mir-370	-5.165853226	-0.326841453	2.26E-06	1.59E-05
U61	-1.563029983	10.45908779	2.49E-06	1.73E-05
hsa-mir-1308	-3.019020843	0.82684796	2.90E-06	2.00E-05
hsa-mir-320b-2	-1.215209701	6.611407266	3.13E-06	2.14E-05
snR38C	-1.119057443	8.718012456	3.31E-06	2.24E-05
ACA18	-1.866003311	4.959456371	3.53E-06	2.36E-05
hsa-mir-3168	3.345855356	2.030591027	3.66E-06	2.43E-05
hsa-mir-3158-2	-4.185927997	-0.792170819	3.78E-06	2.47E-05
hsa-mir-485	-4.138788189	-0.391378696	3.79E-06	2.47E-05
U71a	-2.162673179	5.057769086	3.98E-06	2.56E-05
SNORD125	-1.079990027	8.260568928	3.99E-06	2.56E-05
hsa-let-7i	-1.533427029	14.38296405	4.09E-06	2.60E-05
hsa-mir-140	1.17473612	11.62561533	4.62E-06	2.91E-05
U45A	-1.308037108	10.00200964	5.31E-06	3.32E-05
U14B	-1.709982929	4.700825183	5.51E-06	3.39E-05
ACA65	-1.948174982	2.499217047	5.52E-06	3.39E-05
hsa-mir-129-2	-2.55511331	0.452192485	5.70E-06	3.48E-05
hsa-mir-129-1	-2.860444309	1.31064241	6.70E-06	4.05E-05
HBII-142	-1.201346003	13.61615231	6.82E-06	4.09E-05
hsa-mir-194-2	1.480261751	5.261068887	6.94E-06	4.13E-05
ACA21	-1.335753067	4.108268964	7.06E-06	4.17E-05
hsa-mir-206	-5.699559132	0.01150687	7.37E-06	4.32E-05
ACA42	-1.321472177	4.758913018	7.48E-06	4.35E-05
U35A	-1.244555005	6.424748985	7.79E-06	4.50E-05
hsa-mir-1979	1.474595435	1.346792987	8.33E-06	4.77E-05
U106	-1.401580805	9.097652142	8.85E-06	5.03E-05
U50B	-1.021859912	8.220029532	1.03E-05	5.80E-05
hsa-mir-99b	-2.528718129	4.353985196	1.05E-05	5.89E-05
HBII-429	-1.070441285	12.15080726	1.14E-05	6.36E-05
mgU2-25/61	-1.920481133	2.940449447	1.20E-05	6.64E-05
SNORD123	-5.180106598	-0.321674216	1.25E-05	6.82E-05
hsa-mir-331	1.612199279	5.820164049	1.25E-05	6.82E-05
hsa-mir-3199-1	-3.615281208	-1.000231286	1.49E-05	8.00E-05
hsa-mir-382	-3.533057316	-0.676059594	1.49E-05	8.00E-05
ACA41	-1.724878519	2.295868095	1.78E-05	9.48E-05
HBII-85-2	1.197687435	5.287738922	1.79E-05	9.48E-05
HBII-82	-1.359328316	5.899464896	1.92E-05	0.000100216
hsa-mir-3149	-3.140276105	-0.060819742	1.93E-05	0.000100216
hsa-mir-550-1	1.728738955	1.998828257	1.94E-05	0.000100216
hsa-mir-1307	-1.026783813	7.824692727	2.01E-05	0.000103418
hsa-mir-134	-4.115400663	-0.652947127	2.35E-05	0.000120118
hsa-mir-629	-1.281861243	6.679977822	2.52E-05	0.000127455
U68	-1.259562749	3.34656142	3.27E-05	0.00016483
hsa-mir-381	-3.618984566	-0.255225025	3.74E-05	0.00018693
hsa-mir-3136	1.437851101	0.057520415	4.21E-05	0.000209151
hsa-mir-493	-3.921845138	-0.355429888	4.39E-05	0.000216456
hsa-mir-3202-1	-3.786659746	-0.942143171	4.46E-05	0.000218635
HBII-85-6	1.067082351	5.484712728	4.94E-05	0.00024056
ACA40	-2.218439027	0.91028895	5.51E-05	0.000266548
hsa-mir-338	-3.700503104	-0.965076236	5.56E-05	0.000267488
HBI-61	-1.402577965	4.412747398	5.75E-05	0.000274777
U21	-1.178401204	10.8720215	5.83E-05	0.000276734
hsa-mir-495	-3.424999211	-0.870091678	5.98E-05	0.000281849
U30	0.822867796	14.08640277	6.04E-05	0.000283047
hsa-mir-624	1.495159206	0.393173556	6.39E-05	0.000297851
hsa-mir-550-2	1.751325399	2.040284895	6.91E-05	0.000319942
hsa-mir-1275	1.324738148	3.381492875	7.34E-05	0.000337626
hsa-mir-379	-3.545911525	-0.830488077	7.98E-05	0.000363468
hsa-mir-181a-2	-1.694804623	9.252837151	8.00E-05	0.000363468
hsa-mir-194-1	1.25765542	4.851547787	8.14E-05	0.000367958
hsa-mir-320d-1	-1.444323021	1.663928301	8.67E-05	0.000389268
HBII-13	-1.166222609	8.126069048	8.74E-05	0.000390024
hsa-mir-1972-1	-2.413496986	0.299938562	9.01E-05	0.000400053
hsa-mir-1224	-3.391978915	-0.926235913	9.53E-05	0.000420383
hsa-mir-708	-2.786157172	2.57124481	9.87E-05	0.000432917
hsa-mir-320d-2	-1.515360826	1.585318146	0.000106695	0.000465238
hsa-mir-135a-1	-3.888253499	1.700241584	0.000109621	0.000475235
mgU12-22/U4-8	-2.139474192	0.968181112	0.000123697	0.000533175
hsa-mir-425	1.389734864	9.39364206	0.000127305	0.000545593
hsa-mir-126	1.705427785	4.557486436	0.000141402	0.000602565
hsa-mir-139	-2.044978904	0.895259116	0.00014395	0.00060996
ACA62	-1.293190604	6.174948726	0.00015353	0.000646894
U101	-0.976715872	9.518233731	0.000158689	0.000664898
hsa-mir-2110	-0.945421682	5.339313528	0.000164577	0.000685738
U60	-0.969093661	9.160788785	0.000172339	0.000714111
HBII-85-9	0.95922789	5.767759313	0.000176691	0.000728123
HBII-52-42	1.69362004	1.316399377	0.000189354	0.000776043
hsa-mir-599	-3.116272266	-0.924839219	0.000191498	0.000780563
hsa-mir-3074	-3.19907248	-0.976179671	0.000199483	0.000808716
HBII-52-9	1.905676448	0.940844215	0.00021352	0.00086097
hsa-mir-135a-2	-4.435913774	2.720773386	0.000216986	0.000870264
hsa-mir-627	1.577491877	2.281064296	0.000226381	0.000903116
hsa-mir-205	-3.106680466	-0.516625914	0.000241963	0.000960171
HBII-52-5	1.762199078	1.482943921	0.000246804	0.000974225
SNORD121B	-1.21922312	8.13968871	0.000249257	0.000978756
HBI-43	-0.809427638	13.33169013	0.000256367	0.000996059
hsa-mir-127	-2.230261845	1.341577058	0.000257514	0.000996059
hsa-mir-214	-3.233300368	-1.126174023	0.0002582	0.000996059
hsa-mir-320a	-0.807689259	10.35615776	0.000258975	0.000996059
hsa-mir-3177	-1.234783045	1.330649904	0.000276146	0.001056683
HBII-85-3	0.936682759	5.75434399	0.000285303	0.00108618
HBII-52-22	1.889608288	0.166590827	0.000299235	0.001133465
HBII-52-40	1.972522451	1.215837085	0.000319481	0.001199807
HBII-52-32	1.99633034	1.717345617	0.000319949	0.001199807
HBII-85-8	0.854347349	6.116912962	0.000321677	0.001200286
HBII-85-1	0.822818673	5.767865433	0.000324443	0.001204613
hsa-mir-1288	-2.63815972	-0.621669896	0.000327081	0.001208426
HBII-52-33	1.999929807	2.703808387	0.000348103	0.001279792
U36A	-0.912680573	6.029518891	0.000399878	0.001462967
HBII-52-43	1.824625547	0.784281372	0.000410573	0.001494804
HBII-52-39	1.887400719	0.613662054	0.000415666	0.001504298
SNORD121A	1.078519183	2.828990409	0.000417192	0.001504298
U3-4	-1.494375433	6.319195195	0.00044593	0.001600227
HBII-85-29	0.874101546	4.87472244	0.000481153	0.001718402
hsa-mir-221	1.249157652	10.26745521	0.000485388	0.001725314
HBII-52-18	1.829902585	0.859459999	0.000510085	0.001804544
hsa-mir-577	1.755955026	6.631825523	0.000521257	0.001835413
snR38A	-0.877524431	5.278524543	0.000537285	0.001882856
U107	1.0241615	3.977285412	0.000539752	0.001882856
U3-2B	-1.441263554	6.366528921	0.000562797	0.001954155
hsa-mir-16-1	1.565144498	10.72332211	0.000579332	0.002002299
SNORA84	-0.906313024	3.408408141	0.000626944	0.002156918
hsa-mir-29b-2	1.191506155	7.908413828	0.000633257	0.002168689
HBII-52-3	1.833396228	0.379043942	0.000645129	0.002192297
hsa-mir-30c-1	1.102521411	11.10063737	0.000645997	0.002192297
hsa-mir-30c-2	0.796990804	7.970437051	0.00065175	0.002201857
U70D	-1.759560465	-0.899009591	0.000708313	0.002382217
hsa-mir-1179	1.55187098	1.634977264	0.000757007	0.002530868
hsa-mir-29b-1	1.197257898	7.887367445	0.00075926	0.002530868
hsa-mir-95	-1.947871283	4.270054754	0.000763794	0.002534716
ACA36	-0.753483202	5.719956497	0.00077195	0.002550061
HBII-52-44	1.87531786	2.684168259	0.000776237	0.002550061
HBII-52-10	1.715962521	1.698936084	0.000779285	0.002550061
HBII-52-4	1.677774589	1.170924262	0.000782019	0.002550061
HBII-52-19	1.852685705	0.846185578	0.000792347	0.002572556
HBII-52-16	1.826581202	0.553488417	0.000805878	0.00260521
HBII-52-8	1.891334239	1.217960128	0.000832558	0.002679907
hsa-mir-147b	-1.549323336	0.419308399	0.000836167	0.002680022
hsa-mir-584	-3.140422281	0.141115533	0.000840994	0.002684023
hsa-mir-548j	1.02658223	0.262627491	0.000850306	0.002702245
hsa-mir-3159	1.218322816	-0.415912722	0.000860947	0.002724516
hsa-mir-4286	1.208566191	0.073803489	0.000874647	0.002756242
ACA5b	-2.5574748	-1.062795028	0.000897526	0.002816503
U20	-0.987768351	10.17506245	0.000910512	0.002845349
HBII-52-34	1.778534286	1.387976514	0.000956629	0.002977061
hsa-mir-30b	1.558585481	10.52035567	0.00097121	0.00300896
hsa-mir-33a	-1.150230417	3.879321517	0.000974903	0.00300896
U58C	-1.051129731	11.29374718	0.000985286	0.003028544
hsa-mir-3190	-3.142938226	-1.14036752	0.000995947	0.003048817
HBII-52-14	1.742062591	1.552809395	0.001031631	0.003145217
hsa-mir-323	-2.816922373	-1.121925989	0.001052593	0.003183432
hsa-mir-628	0.963991299	3.638475715	0.001054314	0.003183432
U87	0.891281308	10.4408319	0.001056899	0.003183432
hsa-mir-128-1	-0.743747761	8.805478	0.001065078	0.003195235
U99	-1.030244494	6.929706535	0.001086383	0.003246164
U105B	-0.811736986	7.672132126	0.001098129	0.003268241
hsa-mir-26a-2	0.990500203	13.6113509	0.001125518	0.003336515
HBII-52-17	1.631540846	0.847646879	0.00113359	0.003347214
hsa-mir-200b	-1.070711546	4.87695889	0.001138893	0.003349684
HBII-52-25	1.879779864	0.148754085	0.001167453	0.003420272
hsa-mir-654	-2.689997554	-0.862768091	0.001210595	0.003532863
HBII-52-23	1.67882459	-0.311387916	0.001242484	0.003611872
hsa-mir-652	1.153827081	6.030950366	0.001255699	0.003636193
hsa-mir-1278	-1.498187946	0.101359099	0.001418464	0.004091724
hsa-mir-128-2	-0.725980475	8.52269987	0.001538295	0.004420388
hsa-mir-18a	0.771775761	3.954136271	0.001549656	0.004436038
HBII-52-20	1.468697301	0.972874982	0.001661036	0.004733869
HBII-52-36	1.657839525	0.728532011	0.001666322	0.004733869
HBII-52-21	1.623635588	0.906869716	0.001717982	0.004858858
HBII-52-6	1.685537549	1.026741409	0.001723275	0.004858858
hsa-mir-589	1.067468572	5.658498442	0.001757773	0.004937565
HBI-100	-0.758778797	6.976060124	0.001814607	0.005078192
HBII-52-11	1.66933117	0.7116581	0.001929727	0.00538028
SNORA11E	-1.619586301	0.090404648	0.002058547	0.005718185
hsa-mir-491	1.059221045	-0.039954774	0.002086545	0.005774571
ACA36B	1.109362341	0.803553119	0.00221022	0.006094357
U94	-0.782277098	6.861668075	0.002256439	0.006199008
ACA14b	0.881822703	4.366271017	0.002325426	0.006365216
U74	-0.612421842	14.36777864	0.00235705	0.006428317
U18C	-0.891326596	5.682806849	0.002425987	0.006592356
hsa-mir-143	-1.673614796	2.146668745	0.002434788	0.006592386
HBII-52-13	1.605583537	0.668594494	0.002515622	0.006786749
HBII-52-12	1.614896234	0.978081336	0.002536767	0.006819265
U24	0.884302134	9.291825022	0.002559265	0.006855174
hsa-mir-96	-1.986542866	0.683187793	0.002632225	0.007025511
hsa-mir-92a-2	0.688772437	15.30968647	0.002651513	0.007051896
HBII-85-26	0.64621287	4.077425219	0.002713022	0.007189987
hsa-mir-501	-0.8790231	4.486017271	0.002732362	0.007215744
HBII-52-38	1.671562767	2.12930854	0.002866923	0.007544534
ACA57	-0.738595471	7.502263147	0.002877139	0.007544944
hsa-mir-433	-2.803458854	-1.23600682	0.002894378	0.007563705
hsa-mir-18b	1.107329073	1.24112033	0.00294224	0.007660868
hsa-mir-766	0.789121795	5.247337887	0.002951988	0.007660868
U53	-0.679812148	7.054837226	0.002983618	0.007716254
HBII-52-41	1.667288853	0.673960988	0.003004059	0.007742421
hsa-mir-151	-1.502648256	11.35128902	0.003120876	0.008015947
HBII-52-29	1.566850628	0.705975488	0.003162995	0.008096403
hsa-mir-1261	1.686555822	-0.820238276	0.003437562	0.008769291
HBII-85-25	0.65674198	3.880626333	0.003486525	0.008864046
HBII-52-26	1.495885889	0.715248644	0.003565452	0.009034084
hsa-mir-26a-1	1.032167195	16.26177626	0.003615195	0.009129281
hsa-mir-190	1.500442391	0.489696536	0.00375739	0.009456518
hsa-mir-29c	1.392355273	10.63347846	0.003908299	0.009803425
hsa-mir-873	-2.204423158	-1.001300091	0.004043202	0.010108004
hsa-mir-424	-2.10170235	0.286926917	0.004084602	0.01017758
hsa-mir-106a	0.894497062	3.008328573	0.004263097	0.010587161
hsa-mir-497	1.458135046	3.806512064	0.004412784	0.010914184
hsa-mir-146a	1.243110328	12.4305226	0.004423882	0.010914184
HBII-85-24	0.754485297	5.088012703	0.004439098	0.010915814
hsa-mir-125b-1	1.495764649	0.383677318	0.004635286	0.011360995
HBII-296B	0.941275871	7.752972789	0.004700372	0.011482993
hsa-mir-455	-2.597924404	-0.520470534	0.004807843	0.01170741
hsa-mir-20a	1.025256515	9.111279992	0.004970439	0.012064173
HBII-52-15	1.284903457	1.624153663	0.005023469	0.012138596
hsa-let-7e	-1.576660837	6.558039752	0.005033471	0.012138596
U14A	-0.894929583	4.13885485	0.005057351	0.012157094
hsa-mir-1537	1.024900775	0.096088536	0.005114462	0.012255102
HBII-438A	0.708041898	2.947730808	0.005250404	0.012540341
hsa-mir-450b	-2.522193216	-0.985239206	0.005266943	0.012540341
hsa-mir-29a	1.033848317	13.33196059	0.005462217	0.012964123
hsa-mir-16-2	1.38494352	14.7863536	0.005885798	0.013925389
hsa-mir-17	1.070633313	8.441300013	0.006025316	0.01421065
hsa-mir-33b	1.145884898	1.384354894	0.006055531	0.014237142
ACA64	0.786124861	1.521262564	0.006083705	0.014258684
hsa-mir-335	1.115627657	7.468814172	0.006261085	0.014628703
HBII-438B	0.729591938	2.931560104	0.006320675	0.014722068
U28	0.955776026	7.559227647	0.006586397	0.015293491
HBII-276	-0.541947535	7.539585462	0.007050307	0.016320155
hsa-mir-1280	1.58263027	4.210384817	0.007209939	0.01663832
hsa-mir-197	0.757256621	8.081816957	0.007266163	0.016679693
U83B	-0.745586605	7.936129759	0.007272346	0.016679693
hsa-mir-3138	-1.318399573	-0.343338034	0.007367246	0.016845837
hsa-mir-509-3	-2.32650202	-0.947022137	0.007424118	0.016924281
hsa-mir-26b	0.968718228	13.28489174	0.007493481	0.017030639
hsa-mir-1282	1.479124934	-1.173279085	0.007941738	0.017942654
hsa-mir-663	-1.244400106	1.964854783	0.007942615	0.017942654
HBII-419	0.774029044	9.923684961	0.008292637	0.018653421
hsa-mir-503	-2.504200486	-1.07647037	0.00830699	0.018653421
hsa-mir-484	0.643437532	7.85829591	0.008533712	0.019105325
hsa-mir-3179-1	-1.506737443	-0.942563772	0.008867035	0.019792489
hsa-mir-145	-2.626578057	-1.262071535	0.009121618	0.020300338
hsa-mir-99a	-2.237581323	3.467879884	0.009254441	0.020535001
U83A	-0.786143081	7.106808785	0.009342212	0.020668611
hsa-mir-23b	0.968681844	6.84419672	0.009446683	0.020838272
U46	-0.666744605	9.515279657	0.009578117	0.02106624
hsa-mir-192	0.908491189	10.59740149	0.009639404	0.021139044
hsa-mir-616	1.044453234	2.394811878	0.009720515	0.02125477
hsa-mir-101-1	0.908996268	10.81486622	0.010077894	0.021972152
U73a	0.645894252	6.676617425	0.010125089	0.022011064
hsa-mir-196b	1.331789871	0.42585045	0.010407159	0.022558871
U31	-0.560308231	13.45963204	0.010460167	0.022608431
hsa-mir-184	-1.291069127	5.063596276	0.010498582	0.022626255
hsa-mir-32	1.096358087	6.981649712	0.010588019	0.022753622
hsa-mir-361	0.652095895	11.14609965	0.010700721	0.022930117
hsa-mir-30e	0.914237832	12.87403849	0.010831785	0.02314484
ACA19	0.795463845	1.084276621	0.010879971	0.023181757
HBII-55	0.783002941	9.592259262	0.01092885	0.023219936
hsa-mir-545	0.849318815	-0.318156816	0.010999538	0.023301283
U105	-0.530228615	9.138094271	0.011029274	0.023301283
hsa-mir-323b	-2.794976283	-0.96336208	0.011116471	0.023419531
hsa-mir-3176	0.916041926	-0.04141646	0.011527978	0.02421844
ACA35	0.669351897	2.698411334	0.011655417	0.024417774
hsa-mir-4326	-1.023062373	1.427895114	0.011727334	0.024500002
ACA67	-0.741458403	1.352562183	0.012007368	0.024977181
HBII-52-30	1.416766357	-0.001304994	0.012027922	0.024977181
hsa-mir-92a-1	0.601042418	13.94781624	0.012055653	0.024977181
ACA67B	-0.750902926	2.460450909	0.012141995	0.025086767
mgh18S-121	0.828927111	10.23949849	0.012246345	0.025232855
U83	-0.617855226	6.8422866	0.012289871	0.02525316
hsa-mir-506	-2.867781319	-1.136262622	0.012623339	0.02584868
hsa-mir-7-2	-1.204123734	6.781396072	0.012648621	0.02584868
ACA48	0.816553841	6.605141797	0.013350914	0.027209744
hsa-mir-125a	-1.409801189	6.335869623	0.013625988	0.027695098
hsa-mir-155	0.68346686	14.29746281	0.013977608	0.028217401
hsa-mir-199a-2	0.913148962	3.589181316	0.01398293	0.028217401
hsa-mir-27b	0.924032613	10.78542878	0.013995831	0.028217401
HBII-52-1	1.432206258	0.498542786	0.014198891	0.028550049
HBII-85-11	0.631380695	0.723353072	0.014263893	0.028604064
hsa-mir-374b	0.794826966	6.059786987	0.014557683	0.029115366
U13	0.614562477	9.560021762	0.014807341	0.02953592
U3-3	-0.851495492	6.787258105	0.015162597	0.030164318
hsa-mir-34a	1.458988246	6.023365051	0.015516913	0.030787526
ACA1	-0.783048087	1.300375161	0.015603396	0.030849669
HBII-436	0.850883616	7.0917774	0.015673911	0.030849669
hsa-mir-7-3	-1.168158427	6.76075163	0.015676026	0.030849669
U84	0.694684779	7.664897729	0.015712765	0.030849669
hsa-mir-1229	-1.155418302	-0.027320047	0.016272431	0.031865074
Z17B	0.754752912	5.128927076	0.016441515	0.032112335
hsa-mir-641	0.774580421	2.814508698	0.016635857	0.032407514
hsa-mir-21	0.875093021	14.00913792	0.016737999	0.032489624
hsa-mir-3200	0.941091784	-0.460303528	0.016764646	0.032489624
HBII-85-15	0.612022068	4.632872304	0.016834309	0.032540546
hsa-mir-125b-2	1.300716063	1.367751888	0.01703023	0.032834634
SNORA36C	0.559134253	1.849130964	0.017096347	0.032877589
hsa-mir-3127	-0.671132772	1.065796791	0.017143748	0.032884427
HBII-166	-1.095332986	7.341600002	0.017355971	0.033199824
U108	-0.891335884	2.108236812	0.017400685	0.033199824
ACA68	-0.970953891	0.712489435	0.017440974	0.033199824
hsa-mir-4284	1.062175214	-0.658014438	0.017530581	0.033282046
hsa-mir-720	1.540740945	6.557571128	0.01757292	0.033282046
HBII-52-31	1.311425319	-0.843979399	0.017731184	0.033497199
U57	0.502076805	12.45908622	0.018256418	0.034331817
hsa-mir-769	0.823345642	7.552131328	0.018264527	0.034331817
14q(I-9)	-2.209658479	-1.239094769	0.018594676	0.034857059
HBII-85-27	0.543083415	3.573350128	0.018691932	0.034857059
hsa-mir-1227	-0.864943304	0.749726558	0.018694696	0.034857059
U3-2	-0.819141739	9.57333182	0.01872986	0.034857059
hsa-mir-28	0.884830815	12.04700992	0.018808253	0.034916311
hsa-mir-195	0.902696157	5.732742524	0.018864824	0.03493486
hsa-mir-212	-0.925983522	1.793273557	0.019027714	0.035149719
hsa-mir-196a-2	-1.829791433	-0.940424583	0.019169115	0.035323922
hsa-mir-142	0.840423006	14.97936351	0.019262818	0.035409592
HBII-85-12	0.700713507	0.709068734	0.020021841	0.036714866
hsa-mir-106b	0.656839488	8.968448656	0.020241515	0.037027161
hsa-mir-548q	0.852791215	-0.661301101	0.020393068	0.037213628
hsa-mir-555	-1.825131898	-1.065010195	0.021264264	0.038709219
hsa-mir-1236	-2.377295199	-1.222556408	0.021837927	0.039657253
hsa-mir-663b	-1.178483389	-0.187114826	0.02201145	0.039815065
hsa-mir-3188	-0.985282674	-0.097074405	0.022031003	0.039815065
hsa-mir-2116	1.091002642	2.796895831	0.022170691	0.039971198
hsa-mir-30d	0.513717629	13.22305699	0.02255066	0.040537177
U82	-0.517838894	11.97198017	0.022638738	0.040537177
HBII-239	-0.429637847	10.97731866	0.02264677	0.040537177
hsa-mir-3150	-0.713627097	1.462275868	0.02375482	0.042419321
HBII-108	0.978364498	0.407243624	0.023964119	0.042691423
U69	-0.68074024	3.172005837	0.024319699	0.043222214
HBII-296A	0.87210503	9.430044806	0.024531992	0.043494015
HBII-85-14	0.462271418	3.688062202	0.024588617	0.043494015
hsa-mir-22	0.974794771	11.75369172	0.025711221	0.045372743
hsa-mir-199b	0.890189369	4.103451746	0.026836629	0.047247587
hsa-mir-942	0.646886555	3.301184363	0.028237451	0.049597396
hsa-mir-222	0.450770934	9.263704159	0.02833692	0.049655817
hsa-mir-93	1.006494968	9.823128205	0.028607779	0.0500136
hsa-mir-130b	0.842044556	6.755863766	0.029085357	0.050730274
HBII-85-13	0.533783731	1.882242808	0.029487527	0.051312403
hsa-mir-9-3	-0.992506527	3.173622006	0.029641856	0.051355393
HBII-108B	0.578888264	7.575955534	0.02964918	0.051355393
hsa-mir-598	0.724023944	4.952586988	0.029788763	0.051364514
ACA45	-0.480897306	7.804567864	0.029791418	0.051364514
hsa-mir-137	-2.119513374	-1.174726529	0.030906997	0.053165705
hsa-mir-590	1.098834408	4.006563265	0.03107348	0.053329771
hsa-mir-3121	-1.099237999	-0.670322606	0.031273539	0.05355058
hsa-mir-101-2	0.653370907	11.01327295	0.031720967	0.054192996
hsa-mir-107	0.932047511	7.365855755	0.031965855	0.054474684
mgh28S-2409	0.722002317	8.303046443	0.032031114	0.054474684
U36C	0.469149809	5.834447476	0.032445897	0.055055255
hsa-mir-296	0.857940832	2.835886557	0.032862183	0.055635751
U59A	0.502505563	7.412521829	0.033091209	0.055897312
HBII-52-7	1.255557097	-1.087083458	0.033303997	0.056130331
hsa-mir-514-3	-2.074922084	-1.294699107	0.033958453	0.057105023
hsa-mir-1277	0.663331054	0.409842775	0.034441413	0.057758601
hsa-mir-199a-1	0.792506837	3.536209476	0.034501137	0.057758601
hsa-mir-133a-1	-1.525863647	-1.259730029	0.03477042	0.058079767
hsa-mir-454	0.964972354	6.575334163	0.036100829	0.060168048
hsa-mir-149	0.999836409	-0.584106034	0.036286414	0.060343261
hsa-mir-636	0.592519362	0.043773413	0.036948994	0.061187424
ACA8	-0.460428001	4.656022268	0.036957204	0.061187424
hsa-mir-148b	0.561702578	8.811645996	0.037743145	0.06235101
hsa-mir-1226	-0.702083448	0.403946995	0.03824034	0.062955995
U3	-0.679809395	9.705575081	0.038277245	0.062955995
hsa-mir-1249	0.720788035	1.918033553	0.040414197	0.066303415
hsa-mir-1908	-1.450019102	-0.484065649	0.040489285	0.066303415
HBII-115	-0.543764251	3.336935715	0.041912641	0.068484708
hsa-mir-3157	0.645246134	1.372661502	0.043530667	0.070973914
hsa-mir-600	0.580097843	-0.265177938	0.044044501	0.071520546
hsa-mir-642	-0.983640372	0.967868456	0.044056656	0.071520546
hsa-mir-186	0.790164399	12.15236344	0.044328068	0.071805726
ACA52	0.485416674	4.368515553	0.044576925	0.07205322
HBII-85-23	0.457536927	5.059699283	0.044835724	0.072303024
hsa-mir-643	0.549672571	0.103620172	0.044924279	0.072303024
hsa-mir-15a	1.26407377	10.83557442	0.045718269	0.073423345
hsa-mir-576	0.556781864	4.548792465	0.045893127	0.073546677
hsa-mir-651	0.602736461	2.706949281	0.046621533	0.07455469
hsa-mir-2277	0.734642257	2.065595379	0.047144024	0.075229825
hsa-mir-363	-0.861087225	7.763092667	0.047551843	0.075719495
hsa-mir-374a	0.634940175	6.533774907	0.047991141	0.076195608
hsa-mir-210	0.633590766	5.131655606	0.048129658	0.076195608
hsa-mir-153-1	0.785826969	0.391353929	0.048155624	0.076195608
hsa-mir-98	0.583382093	9.329536627	0.048909089	0.077224878
hsa-mir-141	-1.400278453	8.55398655	0.049861855	0.078563848
hsa-mir-486	0.730242049	12.64733423	0.05150304	0.080979623
hsa-mir-23a	0.592111888	8.177452539	0.053505045	0.083951431
hsa-mir-3146	-1.595819207	-1.077893537	0.054098827	0.084705887
hsa-mir-941-3	0.440843062	5.721917874	0.056663361	0.088536502
hsa-mir-19b-2	0.733146027	5.153162356	0.056866769	0.088669599
hsa-mir-874	0.908510058	4.681849255	0.057194024	0.088994851
ACA12	0.654791242	-0.498446523	0.057404367	0.089137216
U49B	-0.469894598	3.881231796	0.058119161	0.090060683
hsa-mir-548f-1	0.801673968	-0.474798171	0.058996486	0.09123168
hsa-mir-421	0.750781837	6.435552184	0.060233868	0.092953499
hsa-mir-191	0.656020706	13.31210523	0.061083354	0.094070874
U37	-0.402329939	7.915648431	0.061520104	0.09454934
ACA54	0.663493946	8.291058844	0.061876169	0.0949021
hsa-mir-3184	-1.952050973	-1.389523248	0.062186952	0.09518411
hsa-mir-574	0.711441307	5.670422579	0.062418564	0.095344039
U32A	0.399449369	9.394067069	0.06285517	0.095815808
U42A	-0.541192829	8.475998352	0.064039937	0.097423839
U70B	-0.774809344	-0.819291752	0.065831388	0.099946439
hsa-mir-877	-0.550684358	3.424699485	0.066151923	0.100230186
hsa-mir-1294	-0.665742092	0.569161358	0.068203791	0.103130732
HBI-115	-0.63301069	1.559477415	0.0685211	0.103402063
hsa-mir-941-1	0.421483268	4.927841649	0.069024477	0.103952525
hsa-mir-1299	1.764713408	-0.564246542	0.070427072	0.105852312
ACA39	0.862454537	0.395270266	0.07192095	0.107860069
hsa-mir-328	-0.352283016	5.701186467	0.072050526	0.107860069
hsa-mir-19b-1	0.790251032	7.907323393	0.073186743	0.109342743
U54	0.371332781	6.932094773	0.074703937	0.111351154
U103	0.686915178	6.992832197	0.074836098	0.111351154
hsa-mir-1284	-0.766738965	0.165616359	0.075001899	0.111351154
hsa-mir-579	0.40813747	0.634353926	0.075124912	0.111351154
hsa-mir-3179-2	-1.138478938	-0.93239645	0.076578111	0.113281229
hsa-mir-3173	-0.50569635	2.254653153	0.079314799	0.117098621
hsa-mir-941-2	0.396204963	5.730440404	0.079587714	0.117270698
U103B	0.668508112	6.991641477	0.082075454	0.120699197
hsa-mir-1260b	0.915427235	2.915759218	0.083446277	0.122474966
mgU6-53B	0.494961396	4.472005486	0.083634832	0.122511962
ACA24	0.359355171	5.507902178	0.084864447	0.124070829
snR39B	-0.338176822	11.22755084	0.091071384	0.132886261
ACA59B	0.525956791	0.250116807	0.09198045	0.133782467
hsa-mir-3175	0.492787112	-0.247163809	0.092042337	0.133782467
hsa-mir-660	0.909698068	7.166044161	0.093289314	0.13528122
U25	0.39854292	11.62914784	0.093434229	0.13528122
hsa-mir-20b	0.596166889	3.220236405	0.097475776	0.140860948
mgU6-77	0.485580566	8.314182059	0.097671893	0.140872923
U45C	0.415626052	8.531022096	0.098049421	0.140902991
HBII-180C	0.337771967	6.957053355	0.098068481	0.140902991
hsa-mir-1826	0.723104898	13.55546942	0.10032259	0.14382958
hsa-mir-449a	0.669510378	-0.422670052	0.100488933	0.14382958
U23	0.396687421	4.617679689	0.100993676	0.14427668
U52	0.585973495	13.18426717	0.101257463	0.144369987
ACA33	0.485476126	2.99352411	0.101443977	0.144369987
HBII-99	0.446082443	7.97033269	0.102344305	0.145165644
hsa-mir-15b	0.744532532	7.607465301	0.102390167	0.145165644
hsa-mir-153-2	0.643242248	-0.934538214	0.10445234	0.14718392
U19	0.491856359	9.013477109	0.104583254	0.14718392
ACA37	-0.455535188	2.295192173	0.104607096	0.14718392
hsa-mir-1297	-1.195744753	-1.127007342	0.104714712	0.14718392
hsa-mir-1270-1	0.497342604	0.900502213	0.104794951	0.14718392
U71b	-0.512074889	5.844147196	0.105071223	0.147296108
U22	0.378017513	8.078237761	0.105561737	0.147366298
hsa-mir-1295	0.778562942	6.107966303	0.10564281	0.147366298
hsa-mir-548l	0.561043727	-0.630715735	0.105710758	0.147366298
hsa-mir-378c	0.520534758	4.026660054	0.10619178	0.147762217
hsa-mir-580	0.7251901	1.059344759	0.106626681	0.148092612
hsa-mir-940	0.53311773	-0.599801328	0.107308243	0.148763737
hsa-mir-2355	0.65077522	0.726691817	0.108065181	0.149104231
hsa-mir-1270-2	0.469060976	0.96379143	0.108108138	0.149104231
hsa-mir-502	0.526559759	3.577362994	0.108150269	0.149104231
hsa-mir-514-1	-1.443714675	-1.361147686	0.108593092	0.149440035
hsa-mir-548k	0.776926326	4.097590992	0.109499664	0.150411627
hsa-mir-31	-1.201757961	-0.86810431	0.109835925	0.150597703
hsa-mir-144	0.551546321	0.196280626	0.110392823	0.151085068
hsa-mir-365-1	-0.731637269	0.821355793	0.112177003	0.153247272
ACA15	-0.659330945	-0.588068478	0.112579407	0.153517373
HBII-85-4	0.364400987	3.230235945	0.113089886	0.153933601
hsa-mir-1975	-0.379742976	13.31027614	0.115701033	0.157202491
hsa-mir-19a	0.539825321	4.965140793	0.119682845	0.162318506
hsa-mir-182	-0.736733134	7.630535843	0.120360058	0.162942317
14q(II-9)	-1.199715425	-1.045095327	0.120932953	0.163310255
HBII-95B	0.662581745	7.553908106	0.121067336	0.163310255
hsa-mir-365-2	-0.633435343	0.840806662	0.123492131	0.166282044
ACA34	0.629577668	2.158958291	0.125171853	0.168241738
hsa-mir-1234	0.499614582	-0.066091483	0.130040212	0.174472557
ACA6	-0.518819933	3.369009628	0.130874158	0.17527789
hsa-mir-1274b	0.977887955	6.569266206	0.132825804	0.177574604
hsa-let-7a-3	0.296940956	13.66681077	0.133454485	0.178097622
U18B	0.43333756	8.556618404	0.137300117	0.182904242
hsa-let-7a-1	0.293583179	13.67210127	0.137940349	0.183431315
hsa-mir-27a	0.385606624	10.37781692	0.139288781	0.184896612
ACA60	0.239324825	4.155429947	0.141671046	0.187726652
ACA2a	-0.365677005	2.083188642	0.143204739	0.189248164
hsa-mir-345	0.698859124	6.466178688	0.143323943	0.189248164
U79	-0.318784084	5.874399744	0.147710599	0.194697626
ACA43	-0.424576631	5.517492197	0.148473967	0.195360482
ACA14a	0.390665959	1.007632476	0.150986498	0.198318517
ACA63	0.598106605	8.476349982	0.151627812	0.198490278
hsa-mir-1296	0.497810287	0.145693964	0.151646572	0.198490278
U65	0.411080789	5.851295742	0.152090527	0.198724556
hsa-mir-3181	0.580804569	-0.542747124	0.152630599	0.19908339
U75	0.442581252	7.669255051	0.154913411	0.201710171
U77	0.787691552	6.884782222	0.158471551	0.205985552
ACA3	-0.379555464	6.654786506	0.159377181	0.2068043
hsa-mir-200c	-0.594252204	6.503983576	0.15968054	0.206840078
hsa-mir-886	-0.589817386	2.199684703	0.16320137	0.211036254
hsa-mir-330	-0.292933426	5.26410641	0.164610617	0.212492191
hsa-mir-375	-0.697908382	2.182615385	0.166643058	0.214746209
U16	-0.327423072	6.467000422	0.167415506	0.215371578
SNORA11B	-0.387713862	1.457445988	0.171930546	0.220801215
hsa-mir-135b	0.828284945	-0.957057707	0.188352134	0.241477094
ACA50	0.309490701	5.852062733	0.189351163	0.242192368
U29	0.339205578	10.35852938	0.189555893	0.242192368
HBII-95	0.305470492	7.036931911	0.192829036	0.245955403
hsa-mir-4277	-1.300501116	-1.451798141	0.194298212	0.247408589
U93	0.25964857	8.801986877	0.198883878	0.252507631
hsa-mir-9-2	-0.671373118	0.35553337	0.199118374	0.252507631
hsa-mir-581	-0.748232073	-0.821612758	0.19931269	0.252507631
hsa-mir-1301	-0.354438019	3.260255911	0.204459336	0.258446263
hsa-mir-223	-0.335061922	9.069698017	0.20468944	0.258446263
hsa-mir-190b	0.373715102	2.107359242	0.207759671	0.261881938
HBII-85-7	0.292647114	4.693943697	0.209300656	0.263381698
U71d	0.251987013	5.365449714	0.210368863	0.264054162
U70	-0.267945262	3.85876404	0.210539185	0.264054162
hsa-mir-185	0.354245433	5.927101304	0.215287073	0.269558105
HBII-135	-0.319053916	5.275417374	0.215839325	0.269799156
hsa-mir-326	-1.036500754	-0.96373903	0.218185781	0.271991524
hsa-mir-301a	0.601578866	4.551712464	0.21831853	0.271991524
U51	-0.230865546	9.566708242	0.219016516	0.272408602
HBII-240	0.431055603	3.998699793	0.220513412	0.273816323
hsa-mir-30a	0.256946783	10.82774813	0.225269735	0.279260002
hsa-mir-451	0.372011256	2.444022056	0.228997581	0.283412848
HBII-85-5	0.267566571	4.700857789	0.232670129	0.287449447
hsa-mir-2115	0.522118709	-0.891649356	0.233025685	0.287449447
hsa-mir-511-2	0.691233433	1.242924068	0.235990509	0.290628706
hsa-mir-9-1	-0.592307222	0.134862846	0.236912334	0.290914838
hsa-mir-1538	0.312946384	0.77741118	0.236998622	0.290914838
U96a	-0.276186207	7.82911624	0.23932243	0.293287292
U80	-0.271347658	8.81188006	0.242696129	0.296936536
ACA59	0.302039611	0.466657889	0.245339959	0.299489247
hsa-mir-25	0.221662803	12.09518238	0.245725758	0.299489247
ACA31	-0.387002243	6.316840245	0.245980502	0.299489247
hsa-mir-3196	0.556111322	-0.267133253	0.246745346	0.299933565
hsa-mir-548e	0.365429504	3.635932645	0.252581235	0.306530625
hsa-mir-340	0.446061185	8.060321167	0.253289122	0.306893121
hsa-mir-1287	0.362989372	0.199906135	0.256837405	0.310628885
hsa-mir-181c	0.623777715	5.258627953	0.257200717	0.310628885
hsa-mir-500	0.492611487	5.830360633	0.25963591	0.313065807
hsa-mir-639	0.337858831	-0.421491141	0.260585714	0.313537866
U85	-0.284863592	6.337282285	0.260863504	0.313537866
U36B	0.226611566	7.583160671	0.263710829	0.316452995
U109	-0.387996252	0.96634081	0.26860187	0.321807353
hsa-mir-500b	0.371277951	0.664079433	0.27001744	0.322987368
ACA17	0.318038887	4.20397204	0.274276302	0.327559278
hsa-mir-362	0.476679826	2.922734178	0.276610333	0.329821542
hsa-mir-187	0.487214197	-0.742179929	0.277306903	0.330127266
hsa-mir-505	0.222681812	4.711698485	0.2829295	0.336287044
U17a	0.270650231	4.742233715	0.292854307	0.347532801
hsa-mir-632	-0.600337346	-0.115292612	0.293997883	0.348338723
HBII-180A	0.232041288	7.405135877	0.294600102	0.348501698
U45B	0.317723733	9.467808554	0.300689614	0.355145213
U81	0.20318808	14.5063431	0.303149531	0.357140236
hsa-mir-3143	0.324000422	0.009374144	0.303331107	0.357140236
hsa-mir-625	-0.272469943	6.036838814	0.311143441	0.365764233
hsa-mir-3194	0.308621921	0.23755587	0.312154786	0.366378857
HBII-85-20	-0.229173125	4.322846926	0.313665454	0.367576704
hsa-mir-511-1	0.55267619	1.239002755	0.320107668	0.374146416
14q(II-22)	-0.698912628	-1.072676134	0.320269332	0.374146416
hsa-let-7f-2	-0.191687214	12.54691472	0.320798158	0.374181366
U32B	-0.266070533	1.540521622	0.321456612	0.374367172
hsa-mir-429	0.308307008	0.273820328	0.329749418	0.38308067
HBII-85-22	0.196145661	4.308113702	0.32996015	0.38308067
hsa-mir-193a	-0.312328253	3.747031216	0.333069188	0.386092567
hsa-mir-1271	-0.370740778	2.355686671	0.334069664	0.386654704
hsa-mir-378	0.272831675	9.236650314	0.337050191	0.389503303
hsa-mir-1266	0.567483967	-1.11311521	0.353667737	0.408078158
hsa-mir-138-1	-0.817569363	3.939217323	0.359083059	0.413238915
hsa-mir-301b	0.488850429	2.583294436	0.359242363	0.413238915
hsa-mir-193b	-0.424186317	3.002059765	0.360295783	0.413815984
hsa-mir-597	0.254601751	-0.109725981	0.361772462	0.414876677
ACA10	-0.289438123	2.826456203	0.363528095	0.416253544
ACA2b	-0.353545487	0.730248541	0.364129526	0.416306623
hsa-mir-133a-2	0.362066806	-0.453764464	0.366276588	0.417838694
hsa-mir-3155	-0.418312046	-0.843407239	0.366583814	0.417838694
HBII-336	0.187758188	14.13588945	0.375654519	0.427527905
U67	-0.302550489	1.278246811	0.380851597	0.432785906
hsa-mir-943	-0.419379982	-0.43965893	0.384596417	0.4363802
U35B	0.178978456	4.73440562	0.390918026	0.44288296
hsa-mir-10a	-0.514345288	9.296095135	0.394048776	0.445756534
mgU6-53	-0.196370857	6.749133853	0.401462354	0.453458985
hsa-mir-181d	-0.313904139	1.73449451	0.403514058	0.455091042
HBII-85-18	0.175133033	4.216731416	0.406913191	0.457636409
ACA16	-0.251198219	3.409852197	0.406991313	0.457636409
hsa-mir-1254	0.212978213	0.002893561	0.411794623	0.462344262
U48	0.215412005	11.75254624	0.421063694	0.4720445
SNORD124	0.239321496	3.06760428	0.424656628	0.475361897
HBII-85-16	0.157480597	4.233537784	0.429096895	0.4796165
hsa-mir-1910	0.242790036	1.654214964	0.430654322	0.480356428
hsa-let-7b	-0.220738644	11.97828988	0.431039835	0.480356428
hsa-mir-215	0.205269987	4.64470597	0.433444948	0.482320046
hsa-let-7g	0.170906719	14.77513323	0.442239345	0.49137705
hsa-mir-130a	0.406762665	3.195447721	0.46564826	0.516621591
hsa-mir-1181	-0.299166975	-0.31282266	0.485351834	0.53768667
hsa-mir-1468	0.178012181	5.729786436	0.4868929	0.53859834
U18A	-0.150137497	8.462672111	0.488128259	0.539169653
hsa-mir-1976	0.147977884	2.386581079	0.495468416	0.546472518
E3	0.162968417	5.494270727	0.496245279	0.546525638
U27	0.116267942	11.2481172	0.508350238	0.559036186
HBII-420	0.168795739	9.774647681	0.509924368	0.559946231
HBII-85-21	0.131882273	4.197317533	0.519043414	0.568816993
U19-2	0.147957644	5.993500448	0.51951952	0.568816993
hsa-mir-1304	-0.163908311	2.876724231	0.521232191	0.569860267
ACA30	-0.456714074	-0.687495049	0.525829706	0.574049897
HBII-85-17	0.126736722	4.336963101	0.531067392	0.578925209
hsa-mir-342	-0.157311063	11.3949196	0.536155025	0.583623031
U34	-0.145617584	7.664801193	0.537612132	0.584361013
U47	-0.181499766	9.535300949	0.544839209	0.591359488
ACA7	-0.136335486	7.131520183	0.546240324	0.592023473
hsa-mir-138-2	-0.464646813	3.583556408	0.555708323	0.601415934
hsa-mir-148a	0.178748794	12.58134376	0.557995418	0.602228524
HBII-85-19	0.120994496	4.348140702	0.558065099	0.602228524
hsa-mir-1306	-0.197609931	1.020886313	0.56323251	0.606931584
hsa-mir-92b	-0.214274764	7.573774435	0.564384155	0.607300023
ACA7B	0.122123496	6.804325105	0.566089644	0.608262512
hsa-let-7d	0.099042314	10.22017466	0.569305358	0.610842659
hsa-mir-1973	0.276070411	0.007945349	0.574155003	0.613948395
U26	0.101592041	12.55479092	0.574173328	0.613948395
hsa-mir-650	0.444009006	-0.572628982	0.574655698	0.613948395
hsa-mir-204	0.481505606	-0.230339604	0.576400178	0.614936179
hsa-mir-1180	0.173141871	1.293930772	0.584377385	0.622561135
hsa-mir-499	-0.179695638	2.9292458	0.593118525	0.630977154
ACA66	0.126214744	-0.175665862	0.603508183	0.641120591
HBII-251	0.096316828	12.677508	0.604912195	0.641703177
hsa-mir-3172	0.162025201	7.829123243	0.60615691	0.641969466
hsa-mir-3140	-0.427798975	-0.72765968	0.608034264	0.641969466
U71c	0.109322015	-0.057425355	0.608198699	0.641969466
ACA4	0.153813717	0.608710202	0.608587053	0.641969466
HBI-6	0.116091284	5.812523595	0.614996706	0.647819564
hsa-mir-3187	0.189296341	-0.811029607	0.617361007	0.649397974
hsa-mir-659	-0.137747991	3.062898457	0.632313711	0.664195075
hsa-mir-3133	-0.184627773	0.743512567	0.633464988	0.664473764
hsa-mir-671	0.113786219	4.677395864	0.63564756	0.665831942
hsa-mir-1322	0.112579612	-0.80650995	0.640175472	0.669639616
hsa-mir-611	0.104830741	-0.704679692	0.661629482	0.691117147
hsa-mir-3144	0.149477719	-0.847835901	0.668917567	0.696793371
HBII-180B	-0.121198328	2.933582962	0.668921636	0.696793371
hsa-mir-3124	-0.27501078	-0.338997966	0.689244606	0.716967344
hsa-mir-7-1	-0.087620696	6.540443285	0.711331594	0.738917861
hsa-mir-3161	-0.412966273	-0.446983918	0.715500281	0.742220208
U44	-0.067734989	11.77414852	0.721845086	0.747023786
HBII-295	-0.09450122	9.587943796	0.722122993	0.747023786
ACA49	-0.08763181	3.374538272	0.746093438	0.770757684
hsa-mir-939	-0.160088024	0.44218878	0.77142163	0.795826991
hsa-let-7f-1	0.053581156	14.85299821	0.785663151	0.809405718
U8	0.078244858	9.652992651	0.793351219	0.816204958
U102	-0.07621237	10.87008914	0.812149025	0.83372955
hsa-mir-937	0.070964203	0.945491506	0.812608402	0.83372955
hsa-mir-532	0.050121613	8.625289189	0.817618196	0.837723562
hsa-mir-1292	0.068940231	1.688061444	0.849872454	0.869583002
hsa-mir-944	0.095122294	1.743252543	0.854605358	0.873234357
U33	0.027349225	12.12886333	0.881718784	0.899713045
hsa-mir-411	-0.371586633	-1.06603527	0.886470311	0.90330892
hsa-let-7a-2	-0.032191018	12.0796583	0.887651566	0.90330892
U76	0.020147951	7.091021406	0.897434324	0.912026752
HBII-85-10	-0.143333893	-1.166068226	0.904102351	0.917559896
hsa-mir-219-1	-0.06167733	1.048426039	0.917586695	0.929986515
U86	-0.062906747	0.726425881	0.920981283	0.932167291
U42B	0.015818891	7.88932395	0.923670447	0.933629158
ACA28	-0.03376612	4.018966794	0.934642012	0.943447522
hsa-mir-132	-0.033563907	4.825327311	0.936905009	0.944460695
hsa-mir-146b	-0.0330265	11.36953378	0.939774189	0.946081398
hsa-mir-744	-0.0144941	6.274230158	0.966092891	0.970123951
hsa-mir-152	0.005057689	5.040838353	0.966243455	0.970123951
U78	0.005274016	10.9909397	0.967581419	0.970168535
hsa-mir-200a	-0.021658528	4.623209176	0.98881331	0.990133488
hsa-mir-449c	-0.084956473	-0.644842892	1	1
